world: world
x: 0.5
y: 44.0
z: 0.5
yaw: 0.010679007
pitch: 0.45521832
name: aLab
lastowner: afee9fc9-641d-309b-9fad-11e2d9a1e5ef
