world: world
x: 1001.2960740420789
y: 65.0
z: 10001.694195385004
yaw: -215.30566
pitch: 7.082967
name: m
lastowner: afee9fc9-641d-309b-9fad-11e2d9a1e5ef
