jails: 
  jail: 
    world: world
    x: -1.309885588513884
    y: 56.0
    z: -1.3126071207512646
    yaw: -45.79785
    pitch: 4.6495543
